universe: 123882 configs on ['1h']
 window  K score  avg_m   msr  pos   worst  last12_sum  last12_pos  y2022  y2023  y2024  y2025   y2026
     12  1   msr   1.44  0.11 0.51  -42.95        5.79        0.58  55.72  18.48 -12.97  16.88    3.98
     12  1  mean  -1.40 -0.03 0.40 -115.60     -182.97        0.17 -37.62 -51.18 127.37 -24.82  -93.45
     12  3   msr   0.14  0.02 0.49  -27.58      -20.57        0.50  32.78  11.26 -17.09  -4.16  -14.78
     12  3  mean  -0.27 -0.01 0.46  -81.19      -62.12        0.42  29.51 -96.82  42.41  19.31   -9.56
     12  5   msr   0.31  0.05 0.47  -19.07      -12.58        0.42  22.28  11.93 -18.81  13.34  -10.81
     12  5  mean   0.67  0.03 0.47  -58.77      -59.36        0.50   2.51 -35.53  46.89  49.17  -24.92
     12 10   msr   0.09  0.01 0.44  -21.54      -13.07        0.42  33.73  -4.43 -14.03   7.40  -17.39
     12 10  mean   1.26  0.05 0.47  -54.35      -46.24        0.42  26.92 -42.79  71.56  55.30  -39.33
     24  1   msr   0.12  0.01 0.51  -22.81      -58.66        0.25  42.45   9.88   4.05   2.85  -52.14
     24  1  mean  -4.54 -0.09 0.39 -120.88     -231.63        0.33 -99.17  52.71  63.28  16.76 -292.24
     24  3   msr   0.47  0.06 0.49  -16.69      -11.20        0.33  31.22  22.72  -6.70  -9.36  -11.27
     24  3  mean  -1.00 -0.03 0.44  -72.54      -53.09        0.50 -19.53 -56.80 106.05 -67.12  -19.48
     24  5   msr   0.28  0.04 0.49  -15.65      -18.30        0.33  29.06 -15.77  10.60  11.53  -19.32
     24  5  mean   0.60  0.02 0.46  -80.17      -43.44        0.42  33.51 -48.52  85.75 -10.33  -26.26
     24 10   msr  -0.08 -0.01 0.54  -19.73      -35.49        0.33  18.71  -9.63  14.90   0.20  -28.96
     24 10  mean   0.41  0.01 0.46  -83.87      -48.50        0.50   9.04 -31.54  69.53   8.23  -32.08
     36  1   msr   0.09  0.01 0.47  -20.46      -52.21        0.08 -21.63  37.39  11.43  13.06  -35.37
     36  1  mean  -1.11 -0.02 0.35  -89.40     -278.28        0.17   1.40 -53.80 252.62 -83.93 -179.41
     36  3   msr   1.34  0.18 0.56  -12.40       -2.06        0.50  36.75  -6.82  37.35  11.72   -2.64
     36  3  mean   0.96  0.03 0.47  -57.00     -104.57        0.42  69.12 -38.79 109.99  11.49  -97.30
     36  5   msr   1.69  0.23 0.60  -13.49       -4.77        0.50  47.12  15.59  33.55   3.08   -3.13
     36  5  mean   1.96  0.06 0.49  -53.58      -76.91        0.42  66.70 -21.18 101.57  24.97  -60.23
     36 10   msr   0.60  0.06 0.47  -21.64      -15.86        0.50  35.93   7.89  16.65 -13.94  -12.08
     36 10  mean   0.51  0.02 0.47  -52.00      -54.36        0.42  29.64 -33.04  70.06  -4.45  -33.16

RANDOM-pick baseline (24m window, K=5, 20 seeds): median avg_m -3.11, median msr -0.39, median last12 -38.61
