universe: 127188 configs on ['30m']
 window  K score  avg_m   msr  pos   worst  last12_sum  last12_pos   y2022   y2023  y2024   y2025   y2026
     12  1   msr  -2.87 -0.22 0.26  -28.14      -61.41        0.25  -25.33    5.88 -66.96  -36.62  -40.29
     12  1  mean -16.96 -0.38 0.32  -94.89     -557.26        0.00  -96.02 -110.58 -72.14 -252.40 -435.45
     12  3   msr  -2.73 -0.32 0.33  -23.47      -25.91        0.42  -34.85   -9.56 -65.11  -19.97  -26.12
     12  3  mean  -7.28 -0.20 0.42 -105.67     -286.04        0.33   45.46  -77.85 -83.07  -94.07 -205.69
     12  5   msr  -2.45 -0.30 0.37  -21.35      -33.68        0.50  -29.45  -28.64 -34.69  -15.48  -31.60
     12  5  mean  -4.43 -0.13 0.39  -99.70     -176.70        0.33    4.19  -90.46  -5.64  -24.80 -135.88
     12 10   msr  -2.10 -0.23 0.40  -26.95      -51.37        0.42    3.15  -13.86 -36.33  -40.45  -31.93
     12 10  mean  -2.92 -0.08 0.42  -84.62      -63.16        0.33    9.06 -105.04   6.44  -41.72  -34.97
     24  1   msr   1.03  0.05 0.49  -42.14        1.05        0.42   39.89    9.01  -3.84   20.64   -7.00
     24  1  mean -14.43 -0.29 0.33 -143.17     -546.31        0.17 -229.32 -131.07 111.36 -148.82 -424.50
     24  3   msr  -0.04 -0.00 0.46  -35.13       -6.69        0.42    8.37  -16.82   5.08   -0.85    1.71
     24  3  mean  -8.71 -0.20 0.40 -146.38     -292.06        0.42 -152.79 -188.91  82.94   43.08 -280.74
     24  5   msr  -0.44 -0.03 0.51  -27.23      -11.94        0.50  -40.20   -5.85   5.37   11.66    3.87
     24  5  mean  -4.88 -0.11 0.42 -117.40     -120.22        0.42  -84.97 -209.14 114.77   37.68 -136.70
     24 10   msr  -0.90 -0.07 0.53  -31.66      -29.57        0.42  -27.14  -17.84  10.29   -3.52  -13.36
     24 10  mean  -2.98 -0.07 0.37 -119.87      -50.35        0.42  -13.39 -174.03  54.32   33.68  -70.70
     36  1   msr   0.93  0.05 0.44  -34.24      -17.77        0.50   28.96  -11.57 -40.23   90.56  -14.60
     36  1  mean  -9.78 -0.19 0.39 -107.72       -0.30        0.42 -309.54 -273.95 -40.07  -12.01   78.09
     36  3   msr   0.59  0.04 0.53  -36.33        0.69        0.50   34.59   -0.54 -43.05   38.61    3.87
     36  3  mean  -8.18 -0.20 0.37 -120.11     -113.84        0.33 -180.15 -105.75 -93.09   33.97 -121.49
     36  5   msr   0.14  0.01 0.49  -33.60        4.50        0.42   15.92   -6.34 -21.93   24.51   -4.18
     36  5  mean  -5.84 -0.15 0.46  -93.19      -35.58        0.50 -141.85 -119.68 -82.56   56.19  -44.85
     36 10   msr   0.07  0.00 0.49  -32.94       17.48        0.50   -2.43  -37.14   7.96   24.53   11.00
     36 10  mean  -1.52 -0.04 0.46  -96.21      -27.94        0.42  -38.98  -90.23   4.70   80.84  -43.00

RANDOM-pick baseline (24m window, K=5, 20 seeds): median avg_m -6.58, median msr -0.49, median last12 -59.57
