universe: 128346 configs on ['15m']
 window  K score  avg_m   msr  pos   worst  last12_sum  last12_pos   y2022   y2023  y2024   y2025   y2026
     12  1   msr  -2.37 -0.07 0.46  -78.60       79.95        0.67 -170.36  -37.88  52.20  -61.16   82.25
     12  1  mean -21.22 -0.37 0.40 -164.26     -541.03        0.08 -506.79 -298.31 164.25 -160.42 -408.20
     12  3   msr  -2.12 -0.10 0.46  -45.45       25.64        0.67  -80.90  -92.61  36.98  -18.59   34.43
     12  3  mean -14.28 -0.28 0.39 -148.99     -462.80        0.25 -213.05 -229.48 116.48 -167.34 -320.77
     12  5   msr  -2.73 -0.15 0.39  -39.55      -44.18        0.50  -34.33  -65.07  15.21  -37.04  -34.50
     12  5  mean -14.51 -0.31 0.39 -138.08     -364.37        0.33 -145.80 -236.75  -5.94 -209.25 -229.50
     12 10   msr  -2.53 -0.15 0.37  -47.37      -75.87        0.33  -34.57  -64.79   8.35   -1.88  -51.59
     12 10  mean -13.36 -0.28 0.32 -104.29     -241.35        0.33 -163.85 -282.13 -11.15 -172.69 -131.92
     24  1   msr  -4.13 -0.16 0.44  -79.77     -165.35        0.33   39.77  -54.22 -39.82  -55.65 -125.24
     24  1  mean -26.25 -0.34 0.39 -267.82     -720.09        0.17 -567.18 -442.14 289.87 -189.71 -587.27
     24  3   msr  -3.49 -0.16 0.37  -69.79     -128.64        0.33    5.36  -77.12 -34.87   -8.69  -83.53
     24  3  mean -13.44 -0.25 0.39 -166.61     -296.93        0.33 -284.76 -353.72  68.63   17.98 -214.06
     24  5   msr  -2.29 -0.10 0.44  -74.48      -93.90        0.33   13.18  -78.06 -24.33    1.09  -42.36
     24  5  mean  -8.37 -0.16 0.40 -156.88     -200.49        0.33 -144.71 -294.97  94.78   23.44 -155.56
     24 10   msr  -1.44 -0.06 0.42  -65.08      -46.92        0.50  -27.50  -74.83   6.54   24.00  -10.37
     24 10  mean  -7.65 -0.15 0.37 -146.20     -199.13        0.42  -59.06 -274.06  63.03   12.25 -178.44
     36  1   msr   0.51  0.02 0.47  -49.42      -22.08        0.42   39.67  -77.35 -79.13  118.75   26.94
     36  1  mean -13.33 -0.25 0.39 -137.98     -175.94        0.25 -550.62 -120.87 -40.31   78.76 -126.92
     36  3   msr  -0.29 -0.01 0.46  -47.01      -19.24        0.33   29.91  -93.15  -7.18   11.84   41.78
     36  3  mean -10.81 -0.26 0.40 -119.69     -198.82        0.33 -179.91 -303.40  11.09  -16.48 -127.74
     36  5   msr   0.10  0.00 0.54  -53.81      -36.23        0.50   28.78  -54.15  -5.30   45.78   -9.43
     36  5  mean  -8.22 -0.19 0.33 -115.02      -96.57        0.42 -203.07 -175.41 -13.72  -11.55  -64.55
     36 10   msr  -0.93 -0.04 0.46  -53.84      -64.93        0.42   18.23  -69.19  24.74    7.64  -34.23
     36 10  mean  -5.50 -0.13 0.39 -110.75      -64.57        0.50  -72.70 -213.42  11.34    0.90  -39.49

RANDOM-pick baseline (24m window, K=5, 20 seeds): median avg_m -21.71, median msr -0.98, median last12 -255.45
