universe: 379416 configs on ['15m', '30m', '1h']
 window  K score  avg_m   msr  pos   worst  last12_sum  last12_pos   y2022   y2023  y2024   y2025   y2026
     12  1   msr  -3.18 -0.16 0.40  -78.60      -42.04        0.33 -159.87   18.48 -12.97   -6.05  -20.92
     12  1  mean -20.97 -0.38 0.39 -164.26     -527.08        0.00 -506.79 -298.31 164.25 -160.42 -394.26
     12  3   msr  -1.83 -0.19 0.44  -31.02      -35.58        0.50  -45.51    5.64 -25.58  -14.89  -24.23
     12  3  mean -11.84 -0.26 0.39 -106.28     -352.88        0.25 -213.05 -156.25  97.76 -192.58 -210.84
     12  5   msr  -1.21 -0.16 0.40  -18.89      -31.82        0.33  -14.29   11.74 -34.31   -9.07  -22.81
     12  5  mean -13.06 -0.30 0.39 -124.16     -353.06        0.33 -145.80 -168.20   9.08 -221.36 -218.19
     12 10   msr  -1.94 -0.25 0.42  -23.18      -39.82        0.42  -17.53  -26.24 -23.28   -4.60  -39.19
     12 10  mean -10.93 -0.24 0.35 -118.04     -278.76        0.33 -157.10 -190.31  38.72 -145.24 -169.33
     24  1   msr   0.90  0.07 0.51  -34.11        5.80        0.42   22.39    9.88   4.05    2.85   12.31
     24  1  mean -21.14 -0.27 0.40 -267.82     -720.09        0.17 -567.18 -150.96 289.87 -189.71 -587.27
     24  3   msr   0.56  0.05 0.46  -23.22       17.92        0.50   25.64    3.84  -5.95   -9.36   17.85
     24  3  mean -11.88 -0.22 0.37 -166.61     -296.93        0.33 -284.76 -297.36 143.93  -24.83 -214.06
     24  5   msr   0.51  0.05 0.47  -21.63        0.83        0.42   32.93  -16.47  -2.37   15.17   -0.20
     24  5  mean  -9.48 -0.18 0.37 -156.88     -240.84        0.33 -144.71 -272.77  81.91   -8.91 -195.91
     24 10   msr  -0.81 -0.09 0.51  -24.77      -20.80        0.50   -8.16  -22.48  -5.90    4.39  -14.27
     24 10  mean  -6.56 -0.13 0.35 -134.25     -161.27        0.42  -59.06 -243.23  79.11   -2.55 -148.43
     36  1   msr   0.15  0.01 0.46  -35.67      -52.21        0.08  -18.04   37.39  11.43   13.06  -35.37
     36  1  mean -15.45 -0.29 0.37 -137.98     -175.94        0.25 -550.62 -241.38 -40.31   78.76 -126.92
     36  3   msr   0.16  0.02 0.49  -27.20       -3.82        0.50  -20.03   -6.59  28.41    9.95   -2.64
     36  3  mean -11.38 -0.28 0.40 -119.69     -186.32        0.33 -179.91 -317.30 -60.69   67.60 -158.26
     36  5   msr   1.10  0.11 0.56  -27.51       -8.19        0.50   12.25    5.75  27.20   25.48   -7.82
     36  5  mean  -9.71 -0.22 0.33 -115.02      -94.62        0.42 -203.07 -232.06 -21.24  -24.42  -72.95
     36 10   msr   0.79  0.07 0.51  -25.44      -18.09        0.50   26.22   12.45  22.14   -1.05  -14.94
     36 10  mean  -6.40 -0.15 0.39 -110.75     -118.09        0.50  -72.70 -193.97 -13.86   12.30  -96.40

RANDOM-pick baseline (24m window, K=5, 20 seeds): median avg_m -10.86, median msr -0.67, median last12 -122.19
